left_front:
    fx: 980.3800193514499597
    fy: 980.7782165202912665 
    cx: 955.5322522525138993
    cy: 635.2716285579763280 
    k1: 0.9882385716789389152 
    k2:  0.09428266084042861983
    p1: 0.0001111181413773584716 
    p2: 0.0000141819422366783 
    k3: -0.00253015557288906
    k4: 1.38626595670354 
    k5: 0.363636977630938 
    k6: -0.00160428030126683
left_rear:
    fx: 979.957641962313 
    fy: 980.008662809892 
    cx: 953.064550458191
    cy: 640.271891297242 
    k1: 4.37865664254535 
    k2: 1.69672052228799
    p1: 0.000018370374630882 
    p2: 0.0000723994332536708 
    k3: 0.0472160739259814
    k4: 4.77760256246426 
    k5: 3.29901687941982
    k6: 0.343016980587562
right_front:
    fx: 980.50541963903 
    fy: 980.431929638899 
    cx: 964.958625417331
    cy: 634.3540893399 
    k1: 0.558440583029984 
    k2: 0.127382513878998
    p1: 0.000199492234173769 
    p2: 0.0000609043405864983 
    k3: 0.00731234669561798
    k4: 0.940570020802693 
    k5: 0.253714706868336 
    k6: 0.036140837421252
right_rear:
    fx: 980.410462182264 
    fy: 980.682567239638 
    cx: 952.243940898891
    cy: 633.936725535851 
    k1: 0.222492338231556 
    k2: -0.0879090531527576
    p1: 0.000873256112812557 
    p2: 0.000652281329874995 
    k3: -0.00250717001953266
    k4: 0.609830939223342 
    k5: -0.0958413970509091 
    k6: -0.0199787674593401